errors=[255  255  255  255  255  255  240  0  0  0  0  0  0  255  255  255  255  255  255  240  0  0  0  0  0  0  15  255  255  255  255  255  255  240  0  0  0  0  0  0  0  15  255  255  255  255  255  255  255  255  0  0  0  0  0  0  0  255  255  255  255  255  255  255  0  0  0  0  0  0  15  255  255  255  255  255  255  0  0  0  0  0  0  15  255  255  255  255  255  255  240  0  0  0  0  0  0  255  255  255  255  255  255  240  0  0  0  0  0  0  15  255  255  255  255  255  255  240  0  0  0  0  0  0  0  15  255  255  255  255  255  255  255  255  0  0  0  0  0  0  0  255  255  255  255  255  255  255  0  0  0  0  0  0  15  255  255  255  255  255  255  0  0  0  0  0  0  15  255  255  255  255  255  255  240  0  0  0  0  0  0  255  255  255  255  255  255  240  0  0  0  0  0  0  15  255  255  255  255  255  255  240  0  0  0  0  0  0  0  15  255  255  255  255  255  255  255  255  0  0  0  0  0  0  0  255  255  255  255  255  255  255  0  0  0  0  0  0  15  255  255  255  255  255  255  0  0  0  0  0  0  15  255  255  255  255  255  255  240  0  0  0  0  0  0  255  255  255  255  255  255  240  0  0  0  0  0  0  15  255  255  255  255  255  255  240  0  0  0  0  0  0  0  15  255  255  255  255  255  255  255  255  0  0  0  0  0  0  0  255  255  255  255  255  255  255  0  0  0  0  0  0  15  255  255  255  255  255  255  0  0  0  0  0  0  15  255  255  255  255  255  255  240  0  0  0  0  0  0  255  255  255  255  255  255  240  0  0  0  0  0  0  15  255  255  255  255  255  255  240  0  0  0  0  0  0  0  15  255  255  255  255  255  255  255  255  0  0  0  0  0  0  0  255  255  255  255  255  255  255  0  0  0  0  0  0  15  255  255  255  255  255  255  0  0  0  0  0  0  15  255  255  255  255  255  255  240  0  0  0  0  0  0  255  255  255  255  255  255  240  0  0  0  0  0  0  15  255  255  255  255  255  255  240  0  0  0  0  0  0  0  15  255  255  255  255  255  255  255  255  0  0  0  0  0  0  0  255  255  255  255  255  255  255  0  0  0  0  0  0  15  255  255  255  255  255  255  0  0  0  0  0  0  15  255  255  255  255  255  255  240  0  0  0  0  0  0  255  255  255  255  255  255  240  0  0  0  0  0  0  15  255  255  255  255  255  255  240  0  0  0  0  0  0  0  15  255  255  255  255  255  255  255  255  0  0  0  0  0  0  0  255  255  255  255  255  255  255  0  0  0  0  0  0  15  255  255  255  255  255  255  0  0  0  0  0  0  15  255  255  255  255  255  255  240  0  0  0  0  0  0  255  255  255  255  255  255  240  0  0  0  0  0  0  15  255  255  255  255  255  255  241  0  0  0  0  0  0  0  15  255  255  255  255  255  255  255  255  0  0  0  0  0  0  0  255  255  255  255  255  255  255  0  0  0  0  0  0  15  255  255  255  255  255  255  0  0  0  0  0  0  15  255  255  255  255  255  255  240  0  0  0  0  0  0  255  255  255  255  255  255  255  0  0  0  0  0  0  15  255  255  255  255  255  255  255  0  0  0  0  0  0  0  15  255  255  255  255  255  255  255  255  0  0  0  0  0  0  0  255  255  255  255  255  255  255  0  0  0  0  0  0  15  255  255  255  255  255  255  0  0  0  0  0  0  15  255  255  255  255  255  255  240  0  0  0  0  0  0  255  255  255  255  255  255  255  0  0  0  0  0  0  15  255  255  255  255  255  255  255  0  0  0  0  0  0  0  255  255  255  255  255  255  255  255  255  0  0  0  0  0  0  0  255  255  255  255  255  255  255  0  0  0  0  0  0  15  255  255  255  255  255  255  0  0  0  0  0  0  15  255  255  255  255  255  255  240  0  0  0  0  0  0  255  255  255  255  255  255  255  0  0  0  0  0  0  255  255  255  255  255  255  255  255  0  0  0  0  0  0  0  255  255  255  255  255  255  255  255  255  0  0  0  0  0  0  0  255  255  255  255  255  255  255  0  0  0  0  0  0  15  255  255  255  255  255  255  0  0  0  0  0  0  15  255  255  255  255  255  255  240  0  0  0  0  0  0  255  255  255  255  255  255  255  0  0  0  0  0  0  255  255  255  255  255  255  255  255  0  0  0  0  0  0  0  255  255  255  255  255  255  255  255  255  0  0  0  0  0  0  0  255  255  255  255  255  255  255  0  0  0  0  0  0  15  255  255  255  255  255  255  0  0  0  0  0  0  15  255  255  255  255  255  255  240  0  0  0  0  0  0  255  255  255  255  255  255  255  0  0  0  0  0  0  255  255  255  255  255  255  255  255  0  0  0  0  0  0  0  255  255  255  255  255  255  255  255  255  0  0  0  0  0  0  0  255  255  255  255  255  255  255  0  0  0  0  0  0  15  255  255  255  255  255  255  0  0  0  0  0  0  15  255  255  255  255  255  255  240  0  0  0  0  0  0  255  255  255  255  255  255  255  0  0  0  0  0  0  255  255  255  255  255  255  255  255  0  0  0  0  0  0  0  255  255  255  255  255  255  255  255  255  0  0  0  0  0  0  0  255  255  255  255  255  255  255  0  0  0  0  0  0  15  255  255  255  255  255  255  0  0  0  0  0  0  15  255  255  255  255  255  255  240  0  0  0  0  0  0  255  255  255  255  255  255  255  0  0  0  0  0  0  255  255  255  255  255  255  255  255  0  0  0  0  0  0  0  255  255  255  255  255  255  255  255  255  0  0  0  0  0  0  0  255  255  255  255  255  255  255  0  0  0  0  0  0  15  255  255  255  255  255  255  0  0  0  0  0  0  15  255  255  255  255  255  255  240  0  0  0  0  0  0  255  255  255  255  255  255  255  0  0  0  0  0  0  255  255  255  255  255  255  255  255  0  0  0  0  0  0  0  255  255  255  255  255  255  255  255  255  0  0  0  0  0  0  0  255  255  255  255  255  255  255  0  0  0  0  0  0  15  255  255  255  255  255  255  0  0  0  0  0  0  15  255  255  255  255  255  255  240  0  0  0  0  0  0  255  255  255  255  255  255  255  0  0  0  0  0  0  255  255  255  255  255  255  255  255  0  0  0  0  0  0  0  255  255  255  255  255  255  255  255  255  0  0  0  0  0  0  0  255  255  255  255  255  255  255  0  0  0  0  0  0  15  255  255  255  255  255  255  0  0  0  0  0  0  15  255  255  255  255  255  255  240  0  0  0  0  0  0  255  255  255  255  255  255  255  0  0  0  0  0  0  255  255  255  255  255  255  255  255  0  0  0  0  0  0  0  255  255  255  255  255  255  255  255  255  0  0  0  0  0  0  0  255  255  255  255  255  255  255  0  0  0  0  0  0  15  255  255  255  255  255  255  0  0  0  0  0  0  15  255  255  255  255  255  255  240  0  0  0  0  0  0  255  255  255  255  255  255  255  0  0  0  0  0  0  255  255  255  255  255  255  255  255  0  0  0  0  0  0  0  255  255  255  255  255  255  255  255  255  0  0  0  0  0  0  0  255  255  255  255  255  255  255  0  0  0  0  0  0  15  255  255  255  255  255  255  144  0  0  0  0  0  15  255  255  255  255  255  255  240  0  0  0  0  0  0  255  255  255  255  255  255  255  0  0  0  0  0  0  255  255  255  255  255  255  255  255  0  0  0  0  0  0  0  255  255  255  255  255  255  255  255  255  0  0  0  0  0  0  0  255  255  255  255  255  255  255  0  0  0  0  0  0  15  255  255  255  255  255  255  144  0  0  0  0  0  15  255  255  255  255  255  255  240  0  0  0  0  0  0  255  255  255  255  255  255  255  0  0  0  0  0  0  255  255  255  255  255  255  255  255  0  0  0  0  0  0  0  255  255  255  255  255  255  255  255  255  0  0  0  0  0  0  0  255  255  255  255  255  255  255  0  0  0  0  0  0  15  255  255  255  255  255  255  144  0  0  0  0  0  15  255  255  255  255  255  255  240  0  0  0  0  0  0  255  255  255  255  255  255  255  0  0  0  0  0  0  255  255  255  255  255  255  255  255  0  0  0  0  0  0  0  255  255  255  255  255  255  255  255  255  0  0  0  0  0  0  0  255  255  255  255  255  255  255  0  0  0  0  0  0  15  255  255  255  255  255  255  144  0  0  0  0  0  15  255  255  255  255  255  255  240  0  0  0  0  0  0  255  255  255  255  255  255  255  0  0  0  0  0  0  255  255  255  255  255  255  255  255  0  0  0  0  0  0  0  255  255  255  255  255  255  255  255  255  0  0  0  0  0  0  0  255  255  255  255  255  255  255  0  0  0  0  0  0  15  255  255  255  255  255  255  144  0  0  0  0  0  15  255  255  255  255  255  255  240  0  0  0  0  0  0  255  255  255  255  255  255  255  0  0  0  0  0  0  255  255  255  255  255  255 