errors=[51  45  45  62  47  53  48  45  46  49  47  47  45  60  45  48  47  45  47  47  48  44  52  56  44  62  55  57  46  45  45  47  46  47  45  47  48  45  46  47  47  46  48  56  47  46  47  45  45  45  44  45  47  45  46  45  47  45  46  47  47  45  51  46  48  55  47  45  46  46  46  46  47  46  46  46  47  47  48  47  47  46  46  49  47  44  68  46  46  47  47  46  45  46  46  48  46  47  46  46  46  47  45  46  46  47  45  56  59  49  46  45  49  47  46  45  47  46  47  45  46  46  47  46  45  46  44  48  48  46  47  47  49  45  78  93  47  55  46  64  46  45  46  48  48  46  47  47  46  92  46  46  49  46  46  47  46  45  45  46  46  45  45  44  45  46  46  53  53  46  48  47  46  44  50  47  47  45  48  46  45  46  46  46  46  49  53  49  46  48  49  45  45  48  45  45  47  46  45  46  45  46  46  46  47  47  45  48  45  50  45  45  46  56  48  44  48  45  45  45  46  48  46  47  46  46  47  49  46  45  46  46  48  44  46  46  48  44  47  45  46  46  46  46  45  46  47  92  44  47  48  45  49  45  45  46  62  47  45  51  47  45  45  46  47  47  49  51  46  45  47  46  46  46  45  46  44  46  45  45  45  46  46  45  47  48  44  44  48  45  45  45  47  44  48  67  45  46  47  51  46  49  46  45  46  44  45  46  48  45  45  46  43  46  45  43  44  47  46  45  46  48  43  49  46  45  45  47  45  46  47  47  47  45  46  47  51  49  46  46  58  45  49  49  45  46  50  44  46  45  46  45  46  45  48  46  49  46  47  46  48  47  46  50  87  47  45  50  47  43  48  46  45  46  46  49  44  47  47  46  45  45  46  45  48  45  48  45  47  44  49  45  45  45  46  45  47  46  48  47  46  52  47  60  65  48  45  49  51  49  43  49  44  46  48  45  48  47  46  44  45  45  51  43  45  43  48  46  49  46  45  47  44  45  45  45  45  47  47  44  46  44  45  48  48  60  47  45  43  51  46  44  45  47  45  48  44  46  44  49  44  50  45  44  45  50  56  46  48  43  46  73  46  44  44  46  47  45  45  45  48  46  46  44  47  45  47  46  46  45  46  45  47  43  52  45  47  45  45  50  45  45  46  44  44  46  45  44  46  44  44  49  42  46  47  45  45  44  46  45  44  45  46  45  43  46  44  50  48  45  55  47  45  43  51  45  44  48  46  46  45  47  47  49  47  46  47  49  48  45  44  46  45  45  55  46  46  48  45  45  44  45  47  46  46  46  46  47  56  47  46  49  47  52  46  44  46  46  45  47  46  48  45  50  45  48  46  47  45  45  45  45  47  45  73  46  45  44  47  44  45  44  47  45  48  46  48  46  46  49  47  46  48  46  45  44  45  45  50  48  45  47  69  62  45  46  46  45  55  46  45  46  45  45  48  73  45  45  45  52  46  46  47  46  46  45  46  46  45  45  49  46  47  46  45  44  47  45  46  44  46  45  47  45  46  46  45  46  46  46  45  52  44  45  46  46  59  47  46  47  45  77  45  51  49  47  47  46  47  46  85  45  48  45  47  45  46  46  46  45  45  45  61  46  46  47  47  46  46  44  45  47  45  45  47  45  46  47  46  78  62  48  47  49  44  44  45  45  45  47  44  45  45  48  46  44  44  44  46  46  43  46  46  44  44  45  45  45  43  47  54  44  46  44  45  47  44  45  47  46  44  44  45  45  45  53  46  50  47  45  46  48  49  47  47  48  46  46  47  46  45  47  47  45  48  45  45  47  47  45  49  47  47  47  48  46  44  46  46  46  46  47  45  45  46  47  46  46  46  50  46  45  46  47  44  47  47  46  45  47  44  47  45  48  45  47  46  45  47  46  44  47  45  46  47  45  47  46  46  46  47  45  46  46  47  46  47  48  50  46  45  46  45  47  46  47  46  47  45  46  46  47  46  47  46  44  47  47  57  45  50  46  46  46  45  45  48  45  67  47  46  45  47  70  46  47  47  47  50  78  58  52  59  57  400  56  50  46  55  73  45  46  47  90  54  46  44  45  52  76  51  46  45  47  46  45  47  46  46  45  47  44  46  49  48  46  46  45  47  46  45  48  46  46  48  46  51  72  46  47  48  47  47  45  47  47  47  47  51  46  47  47  44  46  46  45  45  46  45  45  45  46  48  62  50  47  48  47  45  47  44  46  45  47  45  48  47  46  46  47  46  45  46  47  58  46  47  48  47  47  55  47  46  45  47  46  47  44  46  45  45  46  46  46  45  44  68  45  45  47  46  46  48  46  46  48  47  68  46  46  46  46  46  45  47  46  45  45  45  46  48  46  46  46  44  45  47  46  45  46  47  47  45  47  45  46  45  47  44  47  45  46  46  68  45  46  58  46  45  47  46  47  46  46  45  45  45  45  46  45  46  44  46  45  49  47  46  49  46  48  46  46  47  45  47  57  55  46  45  45  46  45  45  46  46  46  45  46  49  46  46  47  45  46  45  45  45  47  45  45  46  48  47  45  45  46  44  45  47  47  46  46  47  45  47  45  45  45  46  48  47  48  46  44  45  46  47  44  46  69  62  44  47  46  46  46  45  49  46  46  46  53  46  44  45  45  47  46  44  45  47  49  46  47  45  45  46  45  50  46  64  45  46  46  46  46  51  45  45  48  46  45  47  45  45  47  47  47  45  60  46  45  45  46  50  58  45  47  46  47  46  46  49  48  47  46  45  45  52  46  48  46  45  48  47  47  47  46  47  45  46  51  44  48  51  44  45  48  45  46  46  47  45  45  45  46  46  53  48  46  44  47  46  47  45  48  44  46  50  45  44  46  46  50  45  45  46  48  45  47  46  45  45  45  45  50  47  45  51  45  44  47  46  45  48  46  46  48  47  49  45  46  46  45  46  45  97  49  52  57  47  45  47  48  45  45  46  46  46  47  44  47  45  47  47  46  46  47  45  44  48  47  47  47  45  45  61  45  47  46  46  46  44  45  47  46  46  46  48  48  46  47  45  46  46  54  45  49  45  45  46  47  45  45  47  47  68  47  50  52  45  47  47  46  44  45  47  45  59  47  48  48  45  46  45  46  47  49  45  46  50  47  44  46  46  45  45  48  48  45  46  48  47  46  45  45  47  45  49  48  46  46  47  46  48  47  45  45  46  46  45  48  44  47  47  46  45  45  45  46  44  45  50  46  52  46  45  46  49  46  46  47  46  44  47  48  46  45  45  55  46  47  46  48  46  48  46  49  46  46  46  44  45  45  50  48  46  46  49  45  47  46  44  44  45  45  50  49  45  49  49  47  47  57  46  45  47  48  46  50  47  45  47  46  48  47  45  45  50  44  45  46  46  45  47  46  45  46  48  45  45  46  46  47  45  47  47  46  44  48  46  45  45  48  44  46  48  46  54  46  45  47  45  46  46  44  46  49  46  47  47  51  46  46  45  46  48  45  45  46  46  45  47  48  45  57  47  45  47  46  49  47  45  47  45  47  45  46  46  49  46  48  47  45  48  46  45  46  46  45  46  47  48  58  47  45  47  45  46  46  46  48  48  46  47  48  46  44  54  45  43  45  46  47  46  46  48  44  47  46  56  44  45  45  45  47  44  49  46  46  46  45  60  46  44  47  46  45  47  46  48  45  46  45  46  47  45  50  45  45  48  45  45  46  45  51  46  52  48  45  47  52  45  46  47  46  50  46  46  47  46  46  45  49  49  47  45  45  47  45  44  47  45  45  45  46  46  47  46  47  45  46  49  47  47  46  48  45  48  46  46  48  52  47  46  45  45  45  46  44  46  44  44  46  44  46  45  44  49  46  45  44  48  44  48  44  44  45  45  46  43  45  48  45  44  44  44  46  46  43  44  45  45  49  47  44  45  48  47  44  47  46  44  47  46  44  45  46  50  47  46  46  57  45  45  46  47  45  44  47  44  46  46  45  43  46  46  48  46  46  45  45  48  48  63  54  63  45  46  53  47  46  45  47  46  46  45  45  47  46  48  46  46  45  45  44  48  44  48  46  48  46  61  46  45  45  47  45  45  46  45  47  45  47  47  45  45  45  46  45  47  45  54  46  45  46  46  47  46  45  47  48  46  44  46  46  44  60  44  47  48  46  45  46  45  45  45  47  46  47  47  45  44  47  46  47  45  47  61  44  47  45  46  48  50  45  45  45  45  46  44  46  44  46  44  46  47  48  46  46  47  44  45  46  49  46  49  44  47  44  45  46  47  49  47  45  46  48  73  45  46  44  46  45  45  50  46  45  44  48  48  47  45  46  47  46  45  48  46  45  45  47  45  52  47  46  44  45  45  52  44  44  45  44  46  45  45  46  46  45  46  45  45  46  45  45  44  45  48  52  45  48  45  43  45  44  45  46  45  44  46  45  45  44  47  45  46  44  45  45  47  44  44  46  46  44  45  46  45  43  44  46  45  45  44  45  44  45  44  44  45  46  43  48  44  47  61  45  45  45  46  45  45  45  44  45  45  53  47  45  55  46  43  46  48  46  45  44 